0;1;2;3;4;5;6;7;8;9;10;11;12;13;14;15;16;17;18;19;20;21;22;23;24;25;26;27;28;29;30;31;32;33;34;35;36;37;38;39;40;41;42;43;44;45;46;47;48;49;50;51;52;53;54;55;56;57;58;59;60;61;62;63;64;65;66;67;68;69;70;71;72;73;74;75;76;77;78;79;80;81;82;83;84;85;86;87;88;89;90;91;92;93;94;95;96;97;98;99;100;101;102;103;104;105;106;107;108;109;110;111;112;113;114;115;116;117;118;119;120;121;122;123;124;125;126;127;128;129;130;131;132;133;134;135;136;137;
0;4;11;19;27;35;43;51;59;67;73;80;91;103;115;127;138;150;162;173;181;189;201;214;226;236;247;257;270;282;290;298;310;322;330;343;356;367;377;389;397;405;417;427;440;453;466;479;490;498;506;514;525;535;548;561;574;587;598;604;612;620;632;643;653;666;679;691;699;711;719;727;739;752;763;773;784;792;805;817;825;833;844;856;868;879;891;903;915;926;933;939;947;955;963;971;979;987;995;1002;1006;1012;1018;1028;1034;1045;1051;1057;1067;1075;1086;1092;1103;1111;1123;1129;1137;1145;1156;1162;1172;1178;1189;1195;1205;1211;1222;1228;1238;1249;1259;1271;1279;1291;1302;1312;1324;1332;1338;
0;1;10;11;0;1;2;10;11;12;20;1;2;3;10;11;12;13;21;2;3;4;11;12;13;14;22;3;4;5;12;13;14;15;23;4;5;6;13;14;15;16;24;5;6;7;14;15;16;17;119;6;7;8;15;16;17;18;121;7;8;9;16;17;18;19;27;8;9;17;18;19;28;0;1;2;10;11;20;21;0;1;2;3;10;11;12;20;21;22;30;1;2;3;4;11;12;13;20;21;22;23;31;2;3;4;5;12;13;14;21;22;23;24;32;3;4;5;6;13;14;15;22;23;24;33;119;4;5;6;7;14;15;16;23;24;119;121;5;6;7;8;15;16;17;24;27;119;120;121;6;7;8;9;16;17;18;27;28;119;121;123;7;8;9;17;18;19;27;28;29;121;125;8;9;18;19;27;28;29;38;1;10;11;12;20;21;30;31;2;10;11;12;13;20;21;22;30;31;32;40;3;11;12;13;14;21;22;23;30;31;32;33;41;4;12;13;14;15;22;23;24;31;32;33;42;5;13;14;15;16;23;24;32;33;119;25;26;34;35;36;44;113;114;116;117;118;25;26;34;35;36;37;45;116;118;122;8;16;17;18;19;27;28;38;120;121;123;124;125;9;17;18;19;27;28;29;38;39;123;125;127;18;19;28;29;38;39;125;128;11;20;21;22;30;31;40;41;12;20;21;22;23;30;31;32;40;41;42;50;13;21;22;23;24;31;32;33;40;41;42;51;14;22;23;24;32;33;41;42;25;26;34;35;43;44;45;53;111;113;115;116;117;25;26;34;35;36;43;44;45;46;54;117;118;122;25;26;35;36;37;44;45;46;47;55;122;26;36;37;45;46;47;48;56;122;126;19;27;28;29;38;39;49;124;125;127;128;129;28;29;38;39;49;127;128;130;21;30;31;32;40;41;50;51;22;30;31;32;33;40;41;42;50;51;52;60;23;31;32;33;41;42;50;51;52;61;34;35;43;44;53;54;107;108;109;111;112;113;117;25;34;35;36;43;44;45;53;54;55;104;109;113;26;34;35;36;37;44;45;46;53;54;55;56;64;35;36;37;45;46;47;54;55;56;57;65;122;126;36;37;46;47;48;55;56;57;58;66;126;37;47;48;56;57;58;67;126;38;39;49;59;68;128;129;130;31;40;41;42;50;51;60;61;32;40;41;42;50;51;52;60;61;62;70;41;42;51;52;60;61;62;63;71;103;34;43;44;45;53;54;64;104;105;106;107;109;111;35;43;44;45;46;53;54;55;64;65;102;104;107;36;44;45;46;47;54;55;56;64;65;66;104;133;37;45;46;47;48;55;56;57;64;65;66;67;75;46;47;48;56;57;58;65;66;67;76;126;47;48;57;58;66;67;49;59;68;69;78;128;130;132;41;50;51;52;60;61;70;71;42;50;51;52;60;61;62;70;71;72;80;103;51;52;61;62;63;70;71;72;73;81;103;52;62;63;71;72;73;74;82;100;103;45;53;54;55;56;64;65;75;101;102;104;105;133;46;54;55;56;57;64;65;66;75;76;102;133;136;47;55;56;57;58;65;66;67;75;76;133;137;48;56;57;58;66;67;75;76;49;59;68;69;77;78;79;87;129;130;132;135;59;68;69;77;78;79;88;130;51;60;61;62;70;71;80;81;52;60;61;62;63;70;71;72;80;81;82;90;61;62;63;71;72;73;80;81;82;83;91;100;103;62;63;72;73;74;81;82;83;84;92;100;63;73;74;82;83;84;85;93;100;134;56;64;65;66;67;75;76;101;133;136;137;57;65;66;67;75;76;136;137;68;69;77;78;85;86;87;88;96;130;131;132;135;59;68;69;77;78;79;86;87;88;89;97;132;68;69;78;79;87;88;89;98;61;70;71;72;80;81;90;91;62;70;71;72;73;80;81;82;90;91;92;63;71;72;73;74;81;82;83;90;91;92;93;72;73;74;82;83;84;91;92;93;94;100;134;73;74;83;84;85;92;93;94;95;134;135;74;77;84;85;86;93;94;95;96;131;134;135;77;78;85;86;87;94;95;96;97;132;134;135;68;77;78;79;86;87;88;95;96;97;98;135;69;77;78;79;87;88;89;96;97;98;99;78;79;88;89;97;98;99;71;80;81;82;90;91;72;80;81;82;83;90;91;92;73;81;82;83;84;91;92;93;74;82;83;84;85;92;93;94;83;84;85;86;93;94;95;134;84;85;86;87;94;95;96;135;77;85;86;87;88;95;96;97;78;86;87;88;89;96;97;98;79;87;88;89;97;98;99;88;89;98;99;63;72;73;74;83;100;64;75;101;102;133;136;54;64;65;101;102;104;105;107;133;136;52;61;62;63;72;103;44;53;54;55;64;102;104;105;107;109;133;53;64;102;104;105;107;53;106;107;108;109;111;43;53;54;102;104;105;106;107;108;109;43;106;107;108;109;110;111;112;43;44;53;104;106;107;108;109;110;111;113;108;109;110;111;112;113;34;43;53;106;108;109;110;111;112;113;115;43;108;110;111;112;113;115;117;25;34;43;44;109;110;111;112;113;114;115;117;25;113;114;115;116;117;34;111;112;113;114;115;116;117;25;26;34;114;115;116;117;118;25;34;35;43;112;113;114;115;116;117;118;25;26;35;116;117;118;6;14;15;16;17;24;119;120;121;123;16;27;119;120;121;123;7;15;16;17;18;27;119;120;121;123;125;26;35;36;37;46;122;17;27;28;119;120;121;123;124;125;127;27;38;123;124;125;127;18;27;28;29;38;121;123;124;125;127;128;37;46;47;48;57;126;28;38;39;123;124;125;127;128;129;130;29;38;39;49;59;125;127;128;129;130;132;38;49;68;127;128;129;130;131;132;135;39;49;59;68;69;77;127;128;129;130;131;132;77;85;129;130;131;132;134;135;59;68;77;78;86;128;129;130;131;132;134;135;55;64;65;66;75;101;102;104;133;136;137;74;83;84;85;86;94;131;132;134;135;68;77;84;85;86;87;95;129;131;132;134;135;65;75;76;101;102;133;136;137;66;75;76;133;136;137;
[1 0 0,0 1 0,0 0 1];[0 0 0,0 0 0,0 0 0];[0 0 0,0 0 0,0 0 0];[0 0 0,0 0 0,0 0 0];[0 0 0,0 0 0,0 0 0];[5.80643 0.867044 -0.00118694,0.867044 5.79659 -0.00115072,-0.00118694 -0.00115072 2.55151];[-1.65325 -0.502488 0.000240553,-0.377488 -2.52325 0.000432048,0.000208423 0.000468933 -1.27575];[0.518097 0.874929 -0.000256497,0.874929 0.502503 -0.000261418,-0.000257924 -0.000259992 0.5103];[-4.55149 -0.864557 0.000976695,-0.864557 -2.78091 0.000455654,0.00097312 0.000455621 -2.0412];[1.0206 0 0,0 1.0206 0,0 0 1.0206];[0.25515 0 0,0 0.25515 0,0 0 0.25515];[-1.65325 -0.377488 0.000208423,-0.502488 -2.52325 0.000468933,0.000240553 0.000432048 -1.27575];[6.06342 0.872491 -0.00109206,0.872491 6.0499 -0.000966144,-0.00109206 -0.000966144 2.80666];[-1.65416 -0.503379 0.000202301,-0.378379 -2.52234 0.000342551,0.000178712 0.000377997 -1.27575];[0.25515 0 0,0 0.25515 0,0 0 0.25515];[0.262623 0.874964 -0.000221205,0.874964 0.247676 -0.000251909,-0.000222667 -0.000250439 0.25515];[-4.54953 -0.866588 0.000902546,-0.866588 -2.78287 0.00040657,0.000895467 0.000406538 -2.0412];[1.0206 0 0,0 1.0206 0,0 0 1.0206];[0.25515 0 0,0 0.25515 0,0 0 0.25515];[-1.65416 -0.378379 0.000178712,-0.503379 -2.52234 0.000377997,0.000202301 0.000342551 -1.27575];[6.06417 0.875608 -0.000977363,0.875608 6.04914 -0.000701973,-0.000977363 -0.000701973 2.80666];[-1.65452 -0.503739 0.000153314,-0.378739 -2.52198 0.000227508,0.000140822 0.00026149 -1.27575];[0.25515 0 0,0 0.25515 0,0 0 0.25515];[0.261294 0.874978 -0.00016094,0.874978 0.249006 -0.000242538,-0.000162413 -0.000241053 0.25515];[-4.54768 -0.868468 0.000806278,-0.868468 -2.78472 0.000339005,0.000796654 0.000338985 -2.0412];[1.0206 0 0,0 1.0206 0,0 0 1.0206];[0.25515 0 0,0 0.25515 0,0 0 0.25515];[-1.65452 -0.378739 0.000140822,-0.503739 -2.52198 0.00026149,0.000153314 0.000227508 -1.27575];[6.06364 0.877321 -0.000849153,0.877321 6.04968 -0.000376231,-0.000849153 -0.000376231 2.80666];[-1.65425 -0.503469 9.53282e-05,-0.378469 -2.52225 8.99838e-05,9.6226e-05 0.000122661 -1.27575];[0.25515 0 0,0 0.25515 0,0 0 0.25515];[0.260311 0.874982 -8.35949e-05,0.874982 0.249989 -0.000233408,-8.4904e-05 -0.000232088 0.25515];[-4.54607 -0.870095 0.000696598,-0.870095 -2.78633 0.000258165,0.000684517 0.00025815 -2.0412];[1.0206 0 0,0 1.0206 0,0 0 1.0206];[0.25515 0 0,0 0.25515 0,0 0 0.25515];[-1.65425 -0.378469 9.6226e-05,-0.503469 -2.52225 0.000122661,9.53282e-05 8.99838e-05 -1.27575];[6.06116 0.878391 -0.000724716,0.878391 6.05215 -2.35282e-05,-0.000724716 -2.35282e-05 2.80666];[-1.653 -0.50224 3.84617e-05,-0.37724 -2.5235 -4.55213e-05,5.25428e-05 -1.4031e-05 -1.27575];[0.25515 0 0,0 0.25515 0,0 0 0.25515];[0.258713 0.874986 1.01171e-05,0.874986 0.251587 -0.00022516,8.9264e-06 -0.000223959 0.25515];[-4.54352 -0.872669 0.000579911,-0.872669 -2.78888 0.000171549,0.000567918 0.000171535 -2.0412];[1.0206 0 0,0 1.0206 0,0 0 1.0206];[0.25515 0 0,0 0.25515 0,0 0 0.25515];[-1.653 -0.37724 5.25428e-05,-0.50224 -2.5235 -1.4031e-05,3.84617e-05 -4.55213e-05 -1.27575];[6.05896 0.879302 -0.000634187,0.879302 6.05114 0.000283279,-0.000634187 0.000283279 2.80505];[-1.65271 -0.50195 -4.60365e-06,-0.37695 -2.52379 -0.000149714,1.97077e-05 -0.000118868 -1.27575];[0.25515 0 0,0 0.25515 0,0 0 0.25515];[0.256937 0.874989 0.000101086,0.874989 0.256578 -0.000218497,0.000100442 -0.000217849 0.256757];[-4.53947 -0.875102 0.000485161,-0.875102 -2.78971 9.89631e-05,0.000475575 9.89601e-05 -2.03959];[1.0206 0 0,0 1.0206 0,0 0 1.0206];[0.253543 0 0,0 0.253543 0,0 0 0.253543];[-1.65271 -0.37695 1.97077e-05,-0.50195 -2.52379 -0.000118868,-4.60365e-06 -0.000149714 -1.27575];[6.05889 0.880278 -0.000594843,0.880278 6.05443 0.000499076,-0.000594843 0.000499076 2.80666];[-1.65187 -0.501117 -3.08385e-05,-0.376117 -2.52463 -0.000217654,3.90438e-07 -0.000186296 -1.27575];[0.25515 0 0,0 0.25515 0,0 0 0.25515];[0.253777 0.874983 0.000168442,0.874983 0.256523 -0.000217237,0.000168964 -0.000217761 0.25515];[-4.53898 -0.877195 0.000437532,-0.877195 -2.79342 5.4683e-05,0.000430092 5.46946e-05 -2.0412];[1.0206 0 0,0 1.0206 0,0 0 1.0206];[0.25515 0 0,0 0.25515 0,0 0 0.25515];[-1.65187 -0.376117 3.90438e-07,-0.501117 -2.52463 -0.000186296,-3.08385e-05 -0.000217654 -1.27575];[6.05623 0.88195 -0.000610455,0.88195 6.05709 0.000621642,-0.000610455 0.000621642 2.80666];[0 0 0,0 0 0,0 0 0];[0.25515 0 0,0 0.25515 0,0 0 0.25515];[0.250436 0.87496 0.000212512,0.87496 0.259864 -0.000223933,0.000214349 -0.000225776 0.25515];[-4.53513 -0.880989 0.000438066,-0.880989 -2.79727 3.92369e-05,0.000432454 3.92708e-05 -2.0412];[1.0206 0 0,0 1.0206 0,0 0 1.0206];[0.25515 0 0,0 0.25515 0,0 0 0.25515];[0 0 0,0 0 0,0 0 0];[1 0 0,0 1 0,0 0 1];[0 0 0,0 0 0,0 0 0];[0 0 0,0 0 0,0 0 0];[0 0 0,0 0 0,0 0 0];[0 0 0,0 0 0,0 0 0];[0 0 0,0 0 0,0 0 0];[0.518097 0.874929 -0.000257924,0.874929 0.502503 -0.000259992,-0.000256497 -0.000261418 0.5103];[0.25515 0 0,0 0.25515 0,0 0 0.25515];[5.7964 0.882926 -0.00117885,0.882926 5.80662 -0.00117077,-0.00117885 -0.00117077 2.55151];[-2.79656 -0.880201 0.000464014,-0.880201 -4.53584 0.000962164,0.000463984 0.000958733 -2.0412];[-2.52315 -0.377582 0.000441456,-0.502582 -1.65335 0.000242324,0.000477193 0.000208903 -1.27575];[1.0206 0 0,0 1.0206 0,0 0 1.0206];[0 0 0,0 0 0,0 0 0];[-4.55149 -0.864557 0.00097312,-0.864557 -2.78091 0.000455621,0.000976695 0.000455654 -2.0412];[0.262623 0.874964 -0.000222667,0.874964 0.247676 -0.000250439,-0.000221205 -0.000251909 0.25515];[0.25515 0 0,0 0.25515 0,0 0 0.25515];[-2.79656 -0.880201 0.000463984,-0.880201 -4.53584 0.000958733,0.000464014 0.000962164 -2.0412];[12.129 1.74599 -0.00225974,1.74599 12.0976 -0.00220348,-0.00225974 -0.00220348 5.61332];[-3.05132 -0.879915 0.0004198,-0.879915 -4.79138 0.000851585,0.000419781 0.00084823 -2.29635];[0.25632 0.874976 -0.000244862,0.874976 0.25398 -0.000229499,-0.000246252 -0.000228117 0.25515];[-4.80006 -0.871258 0.000870362,-0.871258 -3.04264 0.000417483,0.000866704 0.000417461 -2.29635];[1.0206 0 0,0 1.0206 0,0 0 1.0206];[0.25515 0 0,0 0.25515 0,0 0 0.25515];[1.0206 0 0,0 1.0206 0,0 0 1.0206];[-4.54953 -0.866588 0.000895467,-0.866588 -2.78287 0.000406538,0.000902546 0.00040657 -2.0412];[0.261294 0.874978 -0.000162413,0.874978 0.249006 -0.000241053,-0.00016094 -0.000242538 0.25515];[0.25515 0 0,0 0.25515 0,0 0 0.25515];[-3.05132 -0.879915 0.000419781,-0.879915 -4.79138 0.00084823,0.0004198 0.000851585 -2.29635];[12.3815 1.74659 -0.00209757,1.74659 12.3555 -0.00183479,-0.00209757 -0.00183479 5.86847];[-3.05063 -0.87926 0.000351561,-0.87926 -4.79207 0.000671575,0.000351552 0.000668594 -2.29635];[0.25515 0 0,0 0.25515 0,0 0 0.25515];[0.00264024 0.874992 -0.000211055,0.874992 -0.00264035 -0.000220484,-0.000212159 -0.000219381 1.06397e-07];[-4.80053 -0.870795 0.000804226,-0.870795 -3.04217 0.000369985,0.000796767 0.000369961 -2.29635];[1.0206 0 0,0 1.0206 0,0 0 1.0206];[0.25515 0 0,0 0.25515 0,0 0 0.25515];[1.0206 0 0,0 1.0206 0,0 0 1.0206];[-4.54768 -0.868468 0.000796654,-0.868468 -2.78472 0.000338985,0.000806278 0.000339005 -2.0412];[0.260311 0.874982 -8.4904e-05,0.874982 0.249989 -0.000232088,-8.35949e-05 -0.000233408 0.25515];[0.25515 0 0,0 0.25515 0,0 0 0.25515];[-3.05063 -0.87926 0.000351552,-0.87926 -4.79207 0.000668594,0.000351561 0.000671575 -2.29635];[12.3797 1.74811 -0.00189848,1.74811 12.3572 -0.00131286,-0.00189848 -0.00131286 5.86847];[-3.05064 -0.879265 0.000267794,-0.879265 -4.79206 0.00044509,0.00026779 0.000442451 -2.29635];[0.25515 0 0,0 0.25515 0,0 0 0.25515];[0.00254928 0.874996 -0.000151629,0.874996 -0.00254936 -0.000213506,-0.000152597 -0.000212534 7.40163e-08];[-4.80024 -0.87109 0.000719012,-0.87109 -3.04246 0.000305783,0.000709042 0.000305769 -2.29635];[1.0206 0 0,0 1.0206 0,0 0 1.0206];[0.25515 0 0,0 0.25515 0,0 0 0.25515];[1.0206 0 0,0 1.0206 0,0 0 1.0206];[-4.54607 -0.870095 0.000684517,-0.870095 -2.78633 0.00025815,0.000696598 0.000258165 -2.0412];[0.258713 0.874986 8.9264e-06,0.874986 0.251587 -0.000223959,1.01171e-05 -0.00022516 0.25515];[0.25515 0 0,0 0.25515 0,0 0 0.25515];[-3.05064 -0.879265 0.00026779,-0.879265 -4.79206 0.000442451,0.000267794 0.00044509 -2.29635];[12.0956 1.749 -0.00168586,1.749 12.0773 -0.000675534,-0.00168586 -0.000675534 5.58642];[-2.88591 -0.878247 0.000169748,-0.878247 -4.62937 0.000174178,0.000169748 0.000172439 -2.13264];[0.25515 0 0,0 0.25515 0,0 0 0.25515];[0.121656 0.87499 -7.79205e-05,0.87499 0.115032 -0.00020897,-7.82165e-05 -0.000208673 0.118344];[-4.51791 -0.871367 0.000632802,-0.871367 -2.76069 0.000233685,0.000619823 0.000233673 -2.0143];[0.136806 0 0,0 0.136806 0,0 0 0.136806];[0.856892 0 0,0 0.856892 0,0 0 0.856892];[1.0206 0 0,0 1.0206 0,0 0 1.0206];[-4.54352 -0.872669 0.000567918,-0.872669 -2.78888 0.000171535,0.000579911 0.000171549 -2.0412];[0.256937 0.874989 0.000100442,0.874989 0.256578 -0.000217849,0.000101086 -0.000218497 0.256757];[0.25515 0 0,0 0.25515 0,0 0 0.25515];[-2.88591 -0.878247 0.000169748,-0.878247 -4.62937 0.000172439,0.000169748 0.000174178 -2.13264];[12.4389 1.76006 -0.00158502,1.76006 12.0523 1.80736e-05,-0.00158502 1.80736e-05 5.37088];[-2.97484 -0.880585 7.6599e-05,-0.87899 -4.73757 -8.53281e-05,7.67914e-05 -8.68262e-05 -2.22084];[0.25515 0 0,0 0.25515 0,0 0 0.25515];[0.134916 1.09283 2.1988e-05,1.03837 0.128611 -0.000243698,1.99582e-05 -0.000255526 0.131764];[-4.94121 -1.09637 0.000648319,-1.04351 -2.79632 0.000184828,0.00063752 0.000197049 -1.87941];[0.9838 0 0,0 0.9838 0,0 0 0.9838];[1.0206 0 0,0 1.0206 0,0 0 1.0206];[-4.53947 -0.875102 0.000475575,-0.875102 -2.78971 9.89601e-05,0.000485161 9.89631e-05 -2.03959];[0.253777 0.874983 0.000168964,0.874983 0.256523 -0.000217761,0.000168442 -0.000217237 0.25515];[0.25515 0 0,0 0.25515 0,0 0 0.25515];[-2.97484 -0.87899 7.67914e-05,-0.880585 -4.73757 -8.68262e-05,7.6599e-05 -8.53281e-05 -2.22084];[12.2416 1.74723 -0.0012984,1.74723 12.2004 0.000593506,-0.0012984 0.000593506 5.65919];[-3.03675 -0.872968 1.32286e-05,-0.872968 -4.79076 -0.000265503,1.32391e-05 -0.000268263 -2.28876];[0.214828 0 0,0 0.214828 0,0 0 0.214828];[1.0206 0 0,0 1.0206 0,0 0 1.0206];[0.135711 0.911422 0.000108906,0.905107 0.13565 -0.000208662,0.000107782 -0.000209746 0.13568];[0.132192 0 0,0 0.132192 0,0 0 0.132192];[-4.72335 -0.906574 0.000454935,-0.898664 -2.91786 8.62863e-05,0.000447176 8.81036e-05 -2.14419];[1.0206 0 0,0 1.0206 0,0 0 1.0206];[-4.53898 -0.877195 0.000430092,-0.877195 -2.79342 5.46946e-05,0.000437532 5.4683e-05 -2.0412];[0.250436 0.87496 0.000214349,0.87496 0.259864 -0.000225776,0.000212512 -0.000223933 0.25515];[0 0 0,0 0 0,0 0 0];[-3.03675 -0.872968 1.32391e-05,-0.872968 -4.79076 -0.000268263,1.32286e-05 -0.000265503 -2.28876];[12.3168 1.74582 -0.00120418,1.74582 12.33 0.00096598,-0.00120418 0.00096598 5.8234];[-3.04055 -0.869122 -1.89952e-05,-0.869122 -4.80215 -0.000370813,-1.89681e-05 -0.000374877 -2.29635];[-4.75737 -0.87649 0.00040102,-0.87649 -3.01037 4.60595e-05,0.000394858 4.6079e-05 -2.25887];[1.0206 0 0,0 1.0206 0,0 0 1.0206];[0.247557 0 0,0 0.247557 0,0 0 0.247557];[0.0448964 0.874995 0.000164471,0.874995 0.045249 -0.000201883,0.000165015 -0.000202428 0.0450726];[0.21767 0 0,0 0.21767 0,0 0 0.21767];[1.0206 0 0,0 1.0206 0,0 0 1.0206];[-4.53513 -0.880989 0.000432454,-0.880989 -2.79727 3.92708e-05,0.000438066 3.92369e-05 -2.0412];[0 0 0,0 0 0,0 0 0];[-3.04055 -0.869122 -1.89681e-05,-0.869122 -4.80215 -0.000374877,-1.89952e-05 -0.000370813 -2.29635];[12.0993 1.74737 -0.00123797,1.74737 12.1274 0.00114887,-0.00123797 0.00114887 5.61332];[-2.78481 -0.868543 -1.97652e-05,-0.868543 -4.54759 -0.000397846,-1.97308e-05 -0.000403619 -2.0412];[-0.00248335 0.874993 0.000199898,0.874993 0.00248345 -0.000208385,0.000201559 -0.000210045 -9.5901e-08];[-4.79265 -0.878681 0.000407887,-0.878681 -3.05005 3.72603e-05,0.000403984 3.72876e-05 -2.29635];[1.0206 0 0,0 1.0206 0,0 0 1.0206];[0.25515 0 0,0 0.25515 0,0 0 0.25515];[0.25515 0 0,0 0.25515 0,0 0 0.25515];[1.0206 0 0,0 1.0206 0,0 0 1.0206];[0 0 0,0 0 0,0 0 0];[-2.78481 -0.868543 -1.97308e-05,-0.868543 -4.54759 -0.000403619,-1.97652e-05 -0.000397846 -2.0412];[6.04624 0.874913 -0.000668681,0.874913 6.06708 0.000564167,-0.000668681 0.000564167 2.80666];[0.25515 0 0,0 0.25515 0,0 0 0.25515];[0.252748 0.874997 0.000215011,0.874997 0.257552 -0.0002202,0.000216817 -0.000222001 0.25515];[-2.52456 -0.501187 0.000205696,-0.376187 -1.65194 8.17315e-06,0.000235551 4.07441e-05 -1.27575];[0.25515 0 0,0 0.25515 0,0 0 0.25515];[0.25515 0 0,0 0.25515 0,0 0 0.25515];[-2.52315 -0.502582 0.000477193,-0.377582 -1.65335 0.000208903,0.000441456 0.000242324 -1.27575];[0.25632 0.874976 -0.000246252,0.874976 0.25398 -0.000228117,-0.000244862 -0.000229499 0.25515];[0.25515 0 0,0 0.25515 0,0 0 0.25515];[6.04984 0.881322 -0.000998286,0.881322 6.06348 -0.00107714,-0.000998286 -0.00107714 2.80666];[-2.79158 -0.875316 0.00041248,-0.875316 -4.54082 0.000891003,0.00041245 0.000884113 -2.0412];[-2.52232 -0.3784 0.000354865,-0.5034 -1.65418 0.000205352,0.000389241 0.000180203 -1.27575];[1.0206 0 0,0 1.0206 0,0 0 1.0206];[0.25515 0 0,0 0.25515 0,0 0 0.25515];[1.0206 0 0,0 1.0206 0,0 0 1.0206];[-4.80006 -0.871258 0.000866704,-0.871258 -3.04264 0.000417461,0.000870362 0.000417483 -2.29635];[0.00264024 0.874992 -0.000212159,0.874992 -0.00264035 -0.000219381,-0.000211055 -0.000220484 1.06397e-07];[0.25515 0 0,0 0.25515 0,0 0 0.25515];[-2.79158 -0.875316 0.00041245,-0.875316 -4.54082 0.000884113,0.00041248 0.000891003 -2.0412];[12.373 1.74753 -0.00190239,1.74753 12.3639 -0.00205186,-0.00190239 -0.00205186 5.86847];[-3.04753 -0.876162 0.000372287,-0.876162 -4.79517 0.000787418,0.000372266 0.000780322 -2.29635];[0.253463 0.874983 -0.000235039,0.874983 0.256837 -0.000172626,-0.000236347 -0.000171327 0.25515];[-4.79657 -0.874769 0.000698146,-0.874769 -3.04613 0.000354875,0.000694684 0.000354865 -2.29635];[1.0206 0 0,0 1.0206 0,0 0 1.0206];[0.25515 0 0,0 0.25515 0,0 0 0.25515];[0.25515 0 0,0 0.25515 0,0 0 0.25515];[1.0206 0 0,0 1.0206 0,0 0 1.0206];[-4.80053 -0.870795 0.000796767,-0.870795 -3.04217 0.000369961,0.000804226 0.000369985 -2.29635];[0.00254928 0.874996 -0.000152597,0.874996 -0.00254936 -0.000212534,-0.000151629 -0.000213506 7.40163e-08];[0.25515 0 0,0 0.25515 0,0 0 0.25515];[-3.04753 -0.876162 0.000372266,-0.876162 -4.79517 0.000780322,0.000372287 0.000787418 -2.29635];[12.6293 1.74701 -0.00176413,1.74701 12.618 -0.00169809,-0.00176413 -0.00169809 6.12362];[-3.04754 -0.876184 0.000308339,-0.876184 -4.79516 0.000613036,0.000308331 0.000606262 -2.29635];[0.25515 0 0,0 0.25515 0,0 0 0.25515];[-0.000519606 0.874996 -0.000204595,0.874996 0.000519529 -0.000165252,-0.000205231 -0.000164618 7.72527e-08];[-4.79749 -0.873861 0.000643949,-0.873861 -3.04521 0.00031256,0.000636144 0.000312552 -2.29635];[1.0206 0 0,0 1.0206 0,0 0 1.0206];[0.25515 0 0,0 0.25515 0,0 0 0.25515];[0.25515 0 0,0 0.25515 0,0 0 0.25515];[1.0206 0 0,0 1.0206 0,0 0 1.0206];[-4.80024 -0.87109 0.000709042,-0.87109 -3.04246 0.000305769,0.000719012 0.000305783 -2.29635];[0.121656 0.87499 -7.82165e-05,0.87499 0.115032 -0.000208673,-7.79205e-05 -0.00020897 0.118344];[0.25515 0 0,0 0.25515 0,0 0 0.25515];[-3.04754 -0.876184 0.000308331,-0.876184 -4.79516 0.000606262,0.000308339 0.000613036 -2.29635];[11.3083 1.74869 -0.00159632,1.74869 11.2928 -0.00120004,-0.00159632 -0.00120004 4.80057];[-2.14739 -0.878273 0.000234307,-0.878273 -3.8908 0.000405065,0.000234304 0.000397997 -1.39409];[0.25515 0 0,0 0.25515 0,0 0 0.25515];[0.18328 0.874999 -0.000145747,0.874999 0.184929 -0.000161084,-0.000146312 -0.000160519 0.184104];[-3.47515 -0.873129 0.000568604,-0.873129 -1.72145 0.000252699,0.000558898 0.000252712 -0.973302];[0.0710458 0 0,0 0.0710458 0,0 0 0.0710458];[0.25515 0 0,0 0.25515 0,0 0 0.25515];[1.0206 0 0,0 1.0206 0,0 0 1.0206];[-4.51791 -0.871367 0.000619823,-0.871367 -2.76069 0.000233673,0.000632802 0.000233685 -2.0143];[0.134916 1.03837 1.99582e-05,1.09283 0.128611 -0.000255526,2.1988e-05 -0.000243698 0.131764];[0.214828 0 0,0 0.214828 0,0 0 0.214828];[-2.14739 -0.878273 0.000234304,-0.878273 -3.8908 0.000397997,0.000234307 0.000405065 -1.39409];[6.78385 0.874635 -0.000953223,0.874635 8.03831 -0.000410838,-0.000953223 -0.000410838 2.99459];[0.25515 0 0,0 0.25515 0,0 0 0.25515];[-0.389116 0.374991 -3.31986e-05,0.499991 -0.394797 -9.03792e-05,-4.40935e-05 -6.77221e-05 -0.391956];[-1.61007 -0.538354 0.000112337,-0.717815 -2.86635 0.000125074,0.000108219 8.35079e-05 -1.07172];[20.2848 3.7535 0.0154116,3.7535 20.2851 0.00647704,0.0154116 0.00647704 3.55519];[-3.60407 -2.37216 -0.00245501,-2.87216 -8.85975 -0.0040375,-0.00255582 -0.00360128 -1.35692];[0.0890731 0.875 0.000150098,0.875 0.0886471 0.00078258,0.00015018 0.000782498 0.0888605];[-4.66425 -0.874908 -0.00239631,-0.874908 -2.91407 -0.000921945,-0.00240013 -0.000921945 -2.16416];[1.0206 0 0,0 1.0206 0,0 0 1.0206];[0.25515 0 0,0 0.25515 0,0 0 0.25515];[0.25515 0 0,0 0.25515 0,0 0 0.25515];[0.20412 0 0,0 0.20412 0,0 0 0.20412];[-10.8945 -3.73374 -0.00982734,-3.52065 -3.63225 -0.00368439,-0.00977114 -0.00387152 -0.523509];[-2.97539 -2.02269 -0.00176808,-1.73578 -6.73362 -0.00245447,-0.00171881 -0.00270437 -1.36461];[0.0293237 4.375 0.000885046,4.375 0.0309391 0.00383868,0.000884144 0.00383959 0.0301337];[-3.60407 -2.87216 -0.00255582,-2.37216 -8.85975 -0.00360128,-0.00245501 -0.0040375 -1.35692];[17.5909 7.35383 0.0150758,7.35383 17.6048 0.0097478,0.0150758 0.0097478 2.31668];[0.25515 0 0,0 0.25515 0,0 0 0.25515];[0.228182 0.874999 0.000174937,0.874999 0.228834 0.000781445,0.00017524 0.000781142 0.228509];[-6.92057 -1.77737 -0.00530477,-2.07784 -3.06913 -0.00222517,-0.00537906 -0.00195725 -1.41676];[0.299841 0 0,0 0.299841 0,0 0 0.299841];[0.25515 0 0,0 0.25515 0,0 0 0.25515];[0.20412 0 0,0 0.20412 0,0 0 0.20412];[-6.57414 -1.87793 -0.00585581,-2.50293 -2.20501 -0.00257312,-0.00598184 -0.00202514 -0.327083];[-1.73458 -1.70138 -0.00153429,-1.2759 -4.71396 -0.00212968,-0.00143509 -0.00250905 -0.458676];[0.25515 0 0,0 0.25515 0,0 0 0.25515];[1.0206 0 0,0 1.0206 0,0 0 1.0206];[-4.75737 -0.87649 0.000394858,-0.87649 -3.01037 4.6079e-05,0.00040102 4.60595e-05 -2.25887];[-0.00248335 0.874993 0.000201559,0.874993 0.00248345 -0.000210045,0.000199898 -0.000208385 -9.5901e-08];[0.25515 0 0,0 0.25515 0,0 0 0.25515];[12.6019 1.74652 -0.00116595,1.74652 12.6124 0.00108796,-0.00116595 0.00108796 5.43115];[-3.00528 -0.871394 -2.95372e-05,-0.871394 -4.76246 -0.000361311,-2.95184e-05 -0.000367949 -2.25887];[1.0206 0 0,0 1.0206 0,0 0 1.0206];[0.0963161 0 0,0 0.0963161 0,0 0 0.0963161];[-2.78007 -1.02991 2.35363e-08,-1.08191 -4.89625 -0.00033569,-9.66219e-06 -0.000341357 -1.87516];[0.0945876 1.239 0.00023264,1.239 0.090987 -0.000242307,0.000232041 -0.000241707 0.0927872];[0.0963161 0 0,0 0.0963161 0,0 0 0.0963161];[-4.89544 -1.08272 0.00036641,-1.03072 -2.78088 1.53166e-05,0.000372174 2.53817e-05 -1.87516];[0 0 0,0 0 0,0 0 0];[1.0206 0 0,0 1.0206 0,0 0 1.0206];[-4.79265 -0.878681 0.000403984,-0.878681 -3.05005 3.72876e-05,0.000407887 3.72603e-05 -2.29635];[0.252748 0.874997 0.000216817,0.874997 0.257552 -0.000222001,0.000215011 -0.0002202 0.25515];[-3.00528 -0.871394 -2.95184e-05,-0.871394 -4.76246 -0.000367949,-2.95372e-05 -0.000361311 -2.25887];[12.3149 1.74934 -0.00104026,1.74934 12.3319 0.00111614,-0.00104026 0.00111614 5.8234];[-2.78826 -0.872051 -3.73028e-05,-0.872051 -4.54414 -0.000394319,-3.72921e-05 -0.000402236 -2.0412];[-4.78654 -0.877209 0.000293571,-0.877209 -3.04097 1.12599e-06,0.000290975 1.13786e-06 -2.28876];[1.0206 0 0,0 1.0206 0,0 0 1.0206];[0.21767 0 0,0 0.21767 0,0 0 0.21767];[0.0434937 0.874998 0.000192713,0.874998 0.0466517 -0.000170285,0.000193221 -0.000170792 0.0450726];[0.247557 0 0,0 0.247557 0,0 0 0.247557];[1.0206 0 0,0 1.0206 0,0 0 1.0206];[-2.52456 -0.376187 0.000235551,-0.501187 -1.65194 4.07441e-05,0.000205696 8.17315e-06 -1.27575];[-2.78826 -0.872051 -3.72921e-05,-0.872051 -4.54414 -0.000402236,-3.73028e-05 -0.000394319 -2.0412];[6.05428 0.872793 -0.000539424,0.872793 6.05903 0.000547997,-0.000539424 0.000547997 2.80666];[0.253845 0.874996 0.000207476,0.874996 0.256455 -0.000173637,0.000207936 -0.000174095 0.25515];[-2.5262 -0.49955 0.000133689,-0.37455 -1.6503 -1.28678e-05,0.000163095 1.22439e-05 -1.27575];[0.25515 0 0,0 0.25515 0,0 0 0.25515];[0.25515 0 0,0 0.25515 0,0 0 0.25515];[0.25515 0 0,0 0.25515 0,0 0 0.25515];[-2.52232 -0.5034 0.000389241,-0.3784 -1.65418 0.000180203,0.000354865 0.000205352 -1.27575];[0.253463 0.874983 -0.000236347,0.874983 0.256837 -0.000171327,-0.000235039 -0.000172626 0.25515];[0.25515 0 0,0 0.25515 0,0 0 0.25515];[6.04895 0.880106 -0.000725892,0.880106 6.06436 -0.000958905,-0.000725892 -0.000958905 2.80666];[-2.7891 -0.872859 0.000341852,-0.872859 -4.5433 0.000796829,0.000341831 0.000786106 -2.0412];[-2.52189 -0.378831 0.000231146,-0.503831 -1.65461 0.0001532,0.000264235 0.000140073 -1.27575];[1.0206 0 0,0 1.0206 0,0 0 1.0206];[0.25515 0 0,0 0.25515 0,0 0 0.25515];[1.0206 0 0,0 1.0206 0,0 0 1.0206];[-4.79657 -0.874769 0.000694684,-0.874769 -3.04613 0.000354865,0.000698146 0.000354875 -2.29635];[-0.000519606 0.874996 -0.000205231,0.874996 0.000519529 -0.000164618,-0.000204595 -0.000165252 7.72527e-08];[0.25515 0 0,0 0.25515 0,0 0 0.25515];[-2.7891 -0.872859 0.000341831,-0.872859 -4.5433 0.000786106,0.000341852 0.000796829 -2.0412];[12.3659 1.74761 -0.00136266,1.74761 12.3711 -0.00186124,-0.00136266 -0.00186124 5.86847];[-3.04431 -0.872937 0.000307319,-0.872937 -4.79839 0.000708183,0.000307306 0.000696749 -2.29635];[0.252306 0.874982 -0.000225906,0.874982 0.257994 -8.86352e-05,-0.000227257 -8.72965e-05 0.25515];[-4.79431 -0.877019 0.000449966,-0.877019 -3.04839 0.000265342,0.00044721 0.000265337 -2.29635];[1.0206 0 0,0 1.0206 0,0 0 1.0206];[0.25515 0 0,0 0.25515 0,0 0 0.25515];[0.25515 0 0,0 0.25515 0,0 0 0.25515];[1.0206 0 0,0 1.0206 0,0 0 1.0206];[-4.79749 -0.873861 0.000636144,-0.873861 -3.04521 0.000312552,0.000643949 0.00031256 -2.29635];[0.18328 0.874999 -0.000146312,0.874999 0.184929 -0.000160519,-0.000145747 -0.000161084 0.184104];[0.25515 0 0,0 0.25515 0,0 0 0.25515];[-3.04431 -0.872937 0.000307306,-0.872937 -4.79839 0.000696749,0.000307319 0.000708183 -2.29635];[11.4041 1.74528 -0.00123983,1.74528 11.4109 -0.00152907,-0.00123983 -0.00152907 4.9075];[-2.20621 -0.871335 0.000244584,-0.871335 -3.9635 0.000536182,0.000244597 0.00052466 -1.45985];[0.25515 0 0,0 0.25515 0,0 0 0.25515];[0.00890649 0.874989 -0.000200028,0.874989 0.0139178 -8.11867e-05,-0.00020068 -8.05385e-05 0.0114122];[-3.57808 -0.877139 0.000398131,-0.877139 -1.83239 0.00022529,0.000390389 0.000225287 -1.08023];[0.243738 0 0,0 0.243738 0,0 0 0.243738];[0.136806 0 0,0 0.136806 0,0 0 0.136806];[1.0206 0 0,0 1.0206 0,0 0 1.0206];[-3.47515 -0.873129 0.000558898,-0.873129 -1.72145 0.000252712,0.000568604 0.000252699 -0.973302];[-0.389116 0.499991 -4.40935e-05,0.374991 -0.394797 -6.77221e-05,-3.31986e-05 -9.03792e-05 -0.391956];[-2.20621 -0.871335 0.000244597,-0.871335 -3.9635 0.00052466,0.000244584 0.000536182 -1.45985];[4.9868 0.869481 -0.000697879,0.869481 4.99072 -0.000664619,-0.000697879 -0.000664619 1.73876];[0.25515 0 0,0 0.25515 0,0 0 0.25515];[-0.328872 0.374992 -6.15221e-05,0.499992 -0.32352 -4.50308e-05,-8.21095e-05 -3.38831e-05 -0.326196];[0.0890731 0.875 0.00015018,0.875 0.0886471 0.000782498,0.000150098 0.00078258 0.0888605];[0.25515 0 0,0 0.25515 0,0 0 0.25515];[12.4619 1.74962 0.0061736,1.74962 12.4601 0.00262236,0.0061736 0.00262236 5.96104];[-3.04647 -0.875119 -0.00082973,-0.875119 -4.79623 -0.00121939,-0.00082973 -0.00122252 -2.29635];[0.000474264 0.874999 0.000130098,0.874999 -0.000474503 0.000803485,0.000129929 0.000803654 2.38418e-07];[-4.79678 -0.874562 -0.00243667,-0.874562 -3.04591 -0.000923693,-0.00243945 -0.000923693 -2.29635];[1.0206 0 0,0 1.0206 0,0 0 1.0206];[0.25515 0 0,0 0.25515 0,0 0 0.25515];[0.25515 0 0,0 0.25515 0,0 0 0.25515];[-2.97312 -0.875491 -0.000809182,-0.875491 -4.72213 -0.00116331,-0.000809181 -0.00116042 -2.22263];[0.946876 0 0,0 0.946876 0,0 0 0.946876];[0.16629 0 0,0 0.16629 0,0 0 0.16629];[-4.63431 -0.874451 -0.0023783,-0.874451 -2.88322 -0.00090196,-0.00237526 -0.000901959 -2.13377];[-4.66425 -0.874908 -0.00240013,-0.874908 -2.91407 -0.000921945,-0.00239631 -0.000921945 -2.16416];[0.228182 0.874999 0.00017524,0.874999 0.228834 0.000781142,0.000174937 0.000781445 0.228509];[-3.04647 -0.875119 -0.00082973,-0.875119 -4.79623 -0.00122252,-0.00082973 -0.00121939 -2.29635];[12.3949 1.74949 0.00620914,1.74949 12.3953 0.00278758,0.00620914 0.00278758 5.89512];[-2.94952 -0.874488 -0.000851953,-0.874488 -4.70054 -0.00128736,-0.000851952 -0.00129051 -2.20003];[0.25515 0 0,0 0.25515 0,0 0 0.25515];[0.000239988 0.875 0.000148756,0.875 -0.000240261 0.00080335,0.000149038 0.000803068 2.73164e-07];[-4.79637 -0.874973 -0.00245132,-0.874973 -3.04632 -0.000940251,-0.00245513 -0.00094025 -2.29635];[1.0206 0 0,0 1.0206 0,0 0 1.0206];[0.25515 0 0,0 0.25515 0,0 0 0.25515];[1.0206 0 0,0 1.0206 0,0 0 1.0206];[0.122958 0 0,0 0.122958 0,0 0 0.122958];[0.158834 0 0,0 0.158834 0,0 0 0.158834];[1.0206 0 0,0 1.0206 0,0 0 1.0206];[-6.92057 -2.07784 -0.00537906,-1.77737 -3.06913 -0.00195725,-0.00530477 -0.00222517 -1.41676];[-2.94952 -0.874488 -0.000851952,-0.874488 -4.70054 -0.00129051,-0.000851953 -0.00128736 -2.20003];[15.1045 1.74826 0.00971795,1.74826 15.1077 0.00386616,0.00971795 0.00386616 4.69993];[-3.0655 -1.77374 -0.00187792,-2.07422 -6.9242 -0.00310871,-0.00194659 -0.00284549 -1.41676];[0.25515 0 0,0 0.25515 0,0 0 0.25515];[-0.000235221 0.875 0.000172499,0.875 0.000234904 0.000801104,0.000172903 0.000800701 3.16352e-07];[-4.69952 -0.875513 -0.0024675,-0.875513 -2.95055 -0.000959248,-0.00247157 -0.000959246 -2.20004];[1.0206 0 0,0 1.0206 0,0 0 1.0206];[0.25515 0 0,0 0.25515 0,0 0 0.25515];[-0.0206624 2.97833 0.000685982,2.97833 -0.014993 0.00264845,0.000684035 0.0026504 -0.0178259];[0.299841 0 0,0 0.299841 0,0 0 0.299841];[-3.0655 -2.07422 -0.00194659,-1.77374 -6.9242 -0.00284549,-0.00187792 -0.00310871 -1.41676];[17.5872 7.35324 0.0155498,7.35324 17.6085 0.0102946,0.0155498 0.0102946 2.31668];[0.25515 0 0,0 0.25515 0,0 0 0.25515];[0.227843 0.874999 0.000197752,0.874999 0.229173 0.000798372,0.000198163 0.000797961 0.228509];[-8.8536 -2.3783 -0.00740748,-2.8783 -3.61022 -0.00317479,-0.0075357 -0.00271959 -1.35692];[0.20412 0 0,0 0.20412 0,0 0 0.20412];[0.25515 0 0,0 0.25515 0,0 0 0.25515];[-4.71112 -1.27874 -0.00406445,-1.70421 -1.73741 -0.00180401,-0.00416169 -0.00142658 -0.458679];[-2.19907 -2.49699 -0.00232898,-1.87199 -6.58008 -0.00326872,-0.00217261 -0.00383772 -0.327081];[0.25515 0 0,0 0.25515 0,0 0 0.25515];[1.0206 0 0,0 1.0206 0,0 0 1.0206];[-4.78654 -0.877209 0.000290975,-0.877209 -3.04097 1.13786e-06,0.000293571 1.12599e-06 -2.28876];[0.253845 0.874996 0.000207936,0.874996 0.256455 -0.000174095,0.000207476 -0.000173637 0.25515];[12.1942 1.74952 -0.000634132,1.74952 12.2477 0.00121924,-0.000634132 0.00121924 5.65919];[-2.7882 -0.873596 -8.60731e-05,-0.873596 -4.54099 -0.000443869,-8.60784e-05 -0.000454244 -2.03959];[1.0206 0 0,0 1.0206 0,0 0 1.0206];[0.132192 0 0,0 0.132192 0,0 0 0.132192];[-2.91648 -0.897289 -7.40186e-05,-0.905199 -4.72472 -0.000425274,-7.57495e-05 -0.000416593 -2.14419];[0.136393 0.905106 0.000198581,0.911421 0.134968 -0.000108888,0.000199665 -0.000107835 0.13568];[-4.73662 -0.881528 9.6732e-05,-0.879933 -2.97578 -6.82563e-05,9.52473e-05 -6.8062e-05 -2.22084];[0.214828 0 0,0 0.214828 0,0 0 0.214828];[1.0206 0 0,0 1.0206 0,0 0 1.0206];[-2.5262 -0.37455 0.000163095,-0.49955 -1.6503 1.22439e-05,0.000133689 -1.28678e-05 -1.27575];[-2.7882 -0.873596 -8.60784e-05,-0.873596 -4.54099 -0.000454244,-8.60731e-05 -0.000443869 -2.03959];[6.05595 0.872137 -0.000306637,0.872137 6.05415 0.000590759,-0.000306637 0.000590759 2.80505];[-2.52676 -0.498986 2.11378e-05,-0.373986 -1.64974 -4.77173e-05,5.11823e-05 -3.36215e-05 -1.27575];[0.253543 0 0,0 0.253543 0,0 0 0.253543];[0.25592 0.874995 0.000208483,0.874995 0.257594 -0.000101042,0.000207839 -0.000100401 0.256757];[0.25515 0 0,0 0.25515 0,0 0 0.25515];[0.25515 0 0,0 0.25515 0,0 0 0.25515];[-2.52189 -0.503831 0.000264235,-0.378831 -1.65461 0.000140073,0.000231146 0.0001532 -1.27575];[0.252306 0.874982 -0.000227257,0.874982 0.257994 -8.72965e-05,-0.000225906 -8.86352e-05 0.25515];[0.25515 0 0,0 0.25515 0,0 0 0.25515];[6.04939 0.879821 -0.000378828,0.879821 6.06393 -0.00082565,-0.000378828 -0.00082565 2.80666];[-2.78859 -0.87236 0.000254412,-0.87236 -4.54381 0.00068022,0.000254398 0.000667555 -2.0412];[-2.52211 -0.378612 8.7438e-05,-0.503612 -1.65439 9.26531e-05,0.000119191 9.35295e-05 -1.27575];[1.0206 0 0,0 1.0206 0,0 0 1.0206];[0.25515 0 0,0 0.25515 0,0 0 0.25515];[1.0206 0 0,0 1.0206 0,0 0 1.0206];[-4.79431 -0.877019 0.00044721,-0.877019 -3.04839 0.000265337,0.000449966 0.000265342 -2.29635];[0.00890649 0.874989 -0.00020068,0.874989 0.0139178 -8.05385e-05,-0.000200028 -8.11867e-05 0.0114122];[0.25515 0 0,0 0.25515 0,0 0 0.25515];[-2.78859 -0.87236 0.000254398,-0.87236 -4.54381 0.000667555,0.000254412 0.00068022 -2.0412];[12.352 1.74875 -0.00067778,1.74875 12.3621 -0.00163121,-0.00067778 -0.00163121 5.85706];[-3.05478 -0.871988 0.000225372,-0.871988 -4.81075 0.000606215,0.000225364 0.00059313 -2.30776];[0.252682 0.874983 -0.00021798,0.874983 0.257618 8.69126e-06,-0.000219054 9.75581e-06 0.25515];[-4.78255 -0.877352 0.000169461,-0.877352 -3.03732 0.000163948,0.000167119 0.000163948 -2.28494];[1.0206 0 0,0 1.0206 0,0 0 1.0206];[0.25515 0 0,0 0.25515 0,0 0 0.25515];[0.0710458 0 0,0 0.0710458 0,0 0 0.0710458];[1.0206 0 0,0 1.0206 0,0 0 1.0206];[-3.57808 -0.877139 0.000390389,-0.877139 -1.83239 0.000225287,0.000398131 0.00022529 -1.08023];[-0.328872 0.499992 -8.21095e-05,0.374992 -0.32352 -3.38831e-05,-6.15221e-05 -4.50308e-05 -0.326196];[-3.05478 -0.871988 0.000225364,-0.871988 -4.81075 0.00059313,0.000225372 0.000606215 -2.30776];[7.58218 0.871929 -0.000430814,0.871929 6.70507 -0.000877195,-0.000430814 -0.000877195 3.08112];[0.25515 0 0,0 0.25515 0,0 0 0.25515];[0.305578 0.87498 -0.000199255,0.87498 0.308191 1.26485e-05,-0.000199037 1.24331e-05 0.306884];[-2.48764 -0.497775 9.64254e-05,-0.372775 -1.60821 8.00136e-05,6.78702e-05 7.82879e-05 -1.23543];[0.214828 0 0,0 0.214828 0,0 0 0.214828];[0.000474264 0.874999 0.000129929,0.874999 -0.000474503 0.000803654,0.000130098 0.000803485 2.38418e-07];[0.25515 0 0,0 0.25515 0,0 0 0.25515];[12.4503 1.74997 0.00630292,1.74997 12.4473 0.00253282,0.00630292 0.00253282 5.94883];[-3.04693 -0.875582 -0.000830472,-0.875582 -4.79577 -0.00118693,-0.000830473 -0.00119037 -2.29635];[-4.78478 -0.874355 -0.0024886,-0.874355 -3.0335 -0.000932634,-0.00249079 -0.000932633 -2.28414];[1.0206 0 0,0 1.0206 0,0 0 1.0206];[0.24294 0 0,0 0.24294 0,0 0 0.24294];[0.16629 0 0,0 0.16629 0,0 0 0.16629];[0.101638 0.874999 0.000114338,0.874999 0.100502 0.000826905,0.000113999 0.000827244 0.10107];[-2.88443 -0.875663 -0.000811297,-0.875663 -4.6331 -0.00113796,-0.000811295 -0.00113468 -2.13377];[0.946876 0 0,0 0.946876 0,0 0 0.946876];[-4.72326 -0.874367 -0.00241682,-0.874367 -2.97199 -0.000905857,-0.00241445 -0.000905856 -2.22263];[0.25515 0 0,0 0.25515 0,0 0 0.25515];[0.25515 0 0,0 0.25515 0,0 0 0.25515];[-4.79678 -0.874562 -0.00243945,-0.874562 -3.04591 -0.000923693,-0.00243667 -0.000923693 -2.29635];[0.000239988 0.875 0.000149038,0.875 -0.000240261 0.000803068,0.000148756 0.00080335 2.73164e-07];[0.25515 0 0,0 0.25515 0,0 0 0.25515];[-3.04693 -0.875582 -0.000830473,-0.875582 -4.79577 -0.00119037,-0.000830472 -0.00118693 -2.29635];[12.6247 1.74993 0.00634385,1.74993 12.6225 0.00266609,0.00634385 0.00266609 6.12362];[-3.04669 -0.875345 -0.000847162,-0.875345 -4.796 -0.00123594,-0.000847163 -0.00123975 -2.29635];[0.000600153 0.874999 0.000131072,0.874999 -0.000600401 0.000828509,0.000130987 0.000828595 2.4762e-07];[-4.79691 -0.874439 -0.00250687,-0.874439 -3.04579 -0.000947659,-0.00250928 -0.000947658 -2.29635];[1.0206 0 0,0 1.0206 0,0 0 1.0206];[0.25515 0 0,0 0.25515 0,0 0 0.25515];[0.25515 0 0,0 0.25515 0,0 0 0.25515];[1.0206 0 0,0 1.0206 0,0 0 1.0206];[0.25515 0 0,0 0.25515 0,0 0 0.25515];[1.0206 0 0,0 1.0206 0,0 0 1.0206];[-4.79637 -0.874973 -0.00245513,-0.874973 -3.04632 -0.00094025,-0.00245132 -0.000940251 -2.29635];[-0.000235221 0.875 0.000172903,0.875 0.000234904 0.000800701,0.000172499 0.000801104 3.16352e-07];[0.25515 0 0,0 0.25515 0,0 0 0.25515];[-3.04669 -0.875345 -0.000847163,-0.875345 -4.796 -0.00123975,-0.000847162 -0.00123594 -2.29635];[12.6238 1.74991 0.00636371,1.74991 12.6235 0.00281217,0.00636371 0.00281217 6.12362];[-3.04616 -0.874813 -0.000867459,-0.874813 -4.79654 -0.00130025,-0.000867458 -0.00130389 -2.29635];[0.25515 0 0,0 0.25515 0,0 0 0.25515];[0.000488038 0.874999 0.000145854,0.874999 -0.000488314 0.000827143,0.000146428 0.000826569 2.75773e-07];[-4.79656 -0.874782 -0.00251272,-0.874782 -3.04613 -0.00095977,-0.0025167 -0.000959769 -2.29635];[1.0206 0 0,0 1.0206 0,0 0 1.0206];[0.25515 0 0,0 0.25515 0,0 0 0.25515];[1.0206 0 0,0 1.0206 0,0 0 1.0206];[-4.69952 -0.875513 -0.00247157,-0.875513 -2.95055 -0.000959246,-0.0024675 -0.000959248 -2.20004];[0.227843 0.874999 0.000198163,0.874999 0.229173 0.000797961,0.000197752 0.000798372 0.228509];[-3.04616 -0.874813 -0.000867458,-0.874813 -4.79654 -0.00130389,-0.000867459 -0.00130025 -2.29635];[12.3939 1.7499 0.0063886,1.7499 12.3963 0.00299015,0.0063886 0.00299015 5.89512];[-2.91342 -0.874263 -0.000889766,-0.874263 -4.66489 -0.00136999,-0.000889765 -0.00137356 -2.16416];[0.25515 0 0,0 0.25515 0,0 0 0.25515];[8.23835e-05 0.875 0.000169646,0.875 -8.27031e-05 0.000823469,0.000170131 0.000822985 3.19606e-07];[-4.79603 -0.875315 -0.00252762,-0.875315 -3.04667 -0.000978458,-0.00253176 -0.000978457 -2.29635];[1.0206 0 0,0 1.0206 0,0 0 1.0206];[0.25515 0 0,0 0.25515 0,0 0 0.25515];[0.158834 0 0,0 0.158834 0,0 0 0.158834];[0.122958 0 0,0 0.122958 0,0 0 0.122958];[1.0206 0 0,0 1.0206 0,0 0 1.0206];[-8.8536 -2.8783 -0.0075357,-2.3783 -3.61022 -0.00271959,-0.00740748 -0.00317479 -1.35692];[-2.91342 -0.874263 -0.000889765,-0.874263 -4.66489 -0.00137356,-0.000889766 -0.00136999 -2.16416];[17.4585 1.75277 0.012326,1.75277 17.4626 0.00476166,0.012326 0.00476166 4.46053];[-3.67843 -2.37459 -0.00263676,-2.87459 -8.92924 -0.00446768,-0.00276007 -0.00401798 -1.42884];[0.25515 0 0,0 0.25515 0,0 0 0.25515];[-0.000320361 0.874999 0.000195647,0.874999 0.000319993 0.000820738,0.000195943 0.000820442 3.67501e-07];[-4.59162 -0.87561 -0.00254491,-0.87561 -2.84284 -0.000996289,-0.00254787 -0.000996289 -2.09223];[1.0206 0 0,0 1.0206 0,0 0 1.0206];[0.25515 0 0,0 0.25515 0,0 0 0.25515];[0.027452 4.375 0.00108547,4.375 0.0328104 0.00397472,0.00108324 0.00397695 0.0301342];[0.20412 0 0,0 0.20412 0,0 0 0.20412];[-3.67843 -2.87459 -0.00276007,-2.37459 -8.92924 -0.00401798,-0.00263676 -0.00446768 -1.42884];[11.3326 4.37379 0.00996846,4.37379 11.3313 0.00637047,0.00996846 0.00637047 1.58195];[0.25515 0 0,0 0.25515 0,0 0 0.25